> A = matrix(1:100, nrow=10)
> B = matrix(1:1000, nrow=10)
> t(A)
      [,1] [,2] [,3] [,4] [,5] [,6] [,7] [,8] [,9] [,10]
 [1,]    1    2    3    4    5    6    7    8    9    10
 [2,]   11   12   13   14   15   16   17   18   19    20
 [3,]   21   22   23   24   25   26   27   28   29    30
 [4,]   31   32   33   34   35   36   37   38   39    40
 [5,]   41   42   43   44   45   46   47   48   49    50
 [6,]   51   52   53   54   55   56   57   58   59    60
 [7,]   61   62   63   64   65   66   67   68   69    70
 [8,]   71   72   73   74   75   76   77   78   79    80
 [9,]   81   82   83   84   85   86   87   88   89    90
[10,]   91   92   93   94   95   96   97   98   99   100
> t(B)
       [,1] [,2] [,3] [,4] [,5] [,6] [,7] [,8] [,9] [,10]
  [1,]    1    2    3    4    5    6    7    8    9    10
  [2,]   11   12   13   14   15   16   17   18   19    20
  [3,]   21   22   23   24   25   26   27   28   29    30
  [4,]   31   32   33   34   35   36   37   38   39    40
  [5,]   41   42   43   44   45   46   47   48   49    50
  [6,]   51   52   53   54   55   56   57   58   59    60
  [7,]   61   62   63   64   65   66   67   68   69    70
  [8,]   71   72   73   74   75   76   77   78   79    80
  [9,]   81   82   83   84   85   86   87   88   89    90
 [10,]   91   92   93   94   95   96   97   98   99   100
 [11,]  101  102  103  104  105  106  107  108  109   110
 [12,]  111  112  113  114  115  116  117  118  119   120
 [13,]  121  122  123  124  125  126  127  128  129   130
 [14,]  131  132  133  134  135  136  137  138  139   140
 [15,]  141  142  143  144  145  146  147  148  149   150
 [16,]  151  152  153  154  155  156  157  158  159   160
 [17,]  161  162  163  164  165  166  167  168  169   170
 [18,]  171  172  173  174  175  176  177  178  179   180
 [19,]  181  182  183  184  185  186  187  188  189   190
 [20,]  191  192  193  194  195  196  197  198  199   200
 [21,]  201  202  203  204  205  206  207  208  209   210
 [22,]  211  212  213  214  215  216  217  218  219   220
 [23,]  221  222  223  224  225  226  227  228  229   230
 [24,]  231  232  233  234  235  236  237  238  239   240
 [25,]  241  242  243  244  245  246  247  248  249   250
 [26,]  251  252  253  254  255  256  257  258  259   260
 [27,]  261  262  263  264  265  266  267  268  269   270
 [28,]  271  272  273  274  275  276  277  278  279   280
 [29,]  281  282  283  284  285  286  287  288  289   290
 [30,]  291  292  293  294  295  296  297  298  299   300
 [31,]  301  302  303  304  305  306  307  308  309   310
 [32,]  311  312  313  314  315  316  317  318  319   320
 [33,]  321  322  323  324  325  326  327  328  329   330
 [34,]  331  332  333  334  335  336  337  338  339   340
 [35,]  341  342  343  344  345  346  347  348  349   350
 [36,]  351  352  353  354  355  356  357  358  359   360
 [37,]  361  362  363  364  365  366  367  368  369   370
 [38,]  371  372  373  374  375  376  377  378  379   380
 [39,]  381  382  383  384  385  386  387  388  389   390
 [40,]  391  392  393  394  395  396  397  398  399   400
 [41,]  401  402  403  404  405  406  407  408  409   410
 [42,]  411  412  413  414  415  416  417  418  419   420
 [43,]  421  422  423  424  425  426  427  428  429   430
 [44,]  431  432  433  434  435  436  437  438  439   440
 [45,]  441  442  443  444  445  446  447  448  449   450
 [46,]  451  452  453  454  455  456  457  458  459   460
 [47,]  461  462  463  464  465  466  467  468  469   470
 [48,]  471  472  473  474  475  476  477  478  479   480
 [49,]  481  482  483  484  485  486  487  488  489   490
 [50,]  491  492  493  494  495  496  497  498  499   500
 [51,]  501  502  503  504  505  506  507  508  509   510
 [52,]  511  512  513  514  515  516  517  518  519   520
 [53,]  521  522  523  524  525  526  527  528  529   530
 [54,]  531  532  533  534  535  536  537  538  539   540
 [55,]  541  542  543  544  545  546  547  548  549   550
 [56,]  551  552  553  554  555  556  557  558  559   560
 [57,]  561  562  563  564  565  566  567  568  569   570
 [58,]  571  572  573  574  575  576  577  578  579   580
 [59,]  581  582  583  584  585  586  587  588  589   590
 [60,]  591  592  593  594  595  596  597  598  599   600
 [61,]  601  602  603  604  605  606  607  608  609   610
 [62,]  611  612  613  614  615  616  617  618  619   620
 [63,]  621  622  623  624  625  626  627  628  629   630
 [64,]  631  632  633  634  635  636  637  638  639   640
 [65,]  641  642  643  644  645  646  647  648  649   650
 [66,]  651  652  653  654  655  656  657  658  659   660
 [67,]  661  662  663  664  665  666  667  668  669   670
 [68,]  671  672  673  674  675  676  677  678  679   680
 [69,]  681  682  683  684  685  686  687  688  689   690
 [70,]  691  692  693  694  695  696  697  698  699   700
 [71,]  701  702  703  704  705  706  707  708  709   710
 [72,]  711  712  713  714  715  716  717  718  719   720
 [73,]  721  722  723  724  725  726  727  728  729   730
 [74,]  731  732  733  734  735  736  737  738  739   740
 [75,]  741  742  743  744  745  746  747  748  749   750
 [76,]  751  752  753  754  755  756  757  758  759   760
 [77,]  761  762  763  764  765  766  767  768  769   770
 [78,]  771  772  773  774  775  776  777  778  779   780
 [79,]  781  782  783  784  785  786  787  788  789   790
 [80,]  791  792  793  794  795  796  797  798  799   800
 [81,]  801  802  803  804  805  806  807  808  809   810
 [82,]  811  812  813  814  815  816  817  818  819   820
 [83,]  821  822  823  824  825  826  827  828  829   830
 [84,]  831  832  833  834  835  836  837  838  839   840
 [85,]  841  842  843  844  845  846  847  848  849   850
 [86,]  851  852  853  854  855  856  857  858  859   860
 [87,]  861  862  863  864  865  866  867  868  869   870
 [88,]  871  872  873  874  875  876  877  878  879   880
 [89,]  881  882  883  884  885  886  887  888  889   890
 [90,]  891  892  893  894  895  896  897  898  899   900
 [91,]  901  902  903  904  905  906  907  908  909   910
 [92,]  911  912  913  914  915  916  917  918  919   920
 [93,]  921  922  923  924  925  926  927  928  929   930
 [94,]  931  932  933  934  935  936  937  938  939   940
 [95,]  941  942  943  944  945  946  947  948  949   950
 [96,]  951  952  953  954  955  956  957  958  959   960
 [97,]  961  962  963  964  965  966  967  968  969   970
 [98,]  971  972  973  974  975  976  977  978  979   980
 [99,]  981  982  983  984  985  986  987  988  989   990
[100,]  991  992  993  994  995  996  997  998  999  1000
> c(A)
  [1]   1   2   3   4   5   6   7   8   9  10  11  12  13  14  15  16  17  18  19  20  21  22  23  24  25  26  27  28
 [29]  29  30  31  32  33  34  35  36  37  38  39  40  41  42  43  44  45  46  47  48  49  50  51  52  53  54  55  56
 [57]  57  58  59  60  61  62  63  64  65  66  67  68  69  70  71  72  73  74  75  76  77  78  79  80  81  82  83  84
 [85]  85  86  87  88  89  90  91  92  93  94  95  96  97  98  99 100
> c(B)
   [1]    1    2    3    4    5    6    7    8    9   10   11   12   13   14   15   16   17   18   19   20   21   22
  [23]   23   24   25   26   27   28   29   30   31   32   33   34   35   36   37   38   39   40   41   42   43   44
  [45]   45   46   47   48   49   50   51   52   53   54   55   56   57   58   59   60   61   62   63   64   65   66
  [67]   67   68   69   70   71   72   73   74   75   76   77   78   79   80   81   82   83   84   85   86   87   88
  [89]   89   90   91   92   93   94   95   96   97   98   99  100  101  102  103  104  105  106  107  108  109  110
 [111]  111  112  113  114  115  116  117  118  119  120  121  122  123  124  125  126  127  128  129  130  131  132
 [133]  133  134  135  136  137  138  139  140  141  142  143  144  145  146  147  148  149  150  151  152  153  154
 [155]  155  156  157  158  159  160  161  162  163  164  165  166  167  168  169  170  171  172  173  174  175  176
 [177]  177  178  179  180  181  182  183  184  185  186  187  188  189  190  191  192  193  194  195  196  197  198
 [199]  199  200  201  202  203  204  205  206  207  208  209  210  211  212  213  214  215  216  217  218  219  220
 [221]  221  222  223  224  225  226  227  228  229  230  231  232  233  234  235  236  237  238  239  240  241  242
 [243]  243  244  245  246  247  248  249  250  251  252  253  254  255  256  257  258  259  260  261  262  263  264
 [265]  265  266  267  268  269  270  271  272  273  274  275  276  277  278  279  280  281  282  283  284  285  286
 [287]  287  288  289  290  291  292  293  294  295  296  297  298  299  300  301  302  303  304  305  306  307  308
 [309]  309  310  311  312  313  314  315  316  317  318  319  320  321  322  323  324  325  326  327  328  329  330
 [331]  331  332  333  334  335  336  337  338  339  340  341  342  343  344  345  346  347  348  349  350  351  352
 [353]  353  354  355  356  357  358  359  360  361  362  363  364  365  366  367  368  369  370  371  372  373  374
 [375]  375  376  377  378  379  380  381  382  383  384  385  386  387  388  389  390  391  392  393  394  395  396
 [397]  397  398  399  400  401  402  403  404  405  406  407  408  409  410  411  412  413  414  415  416  417  418
 [419]  419  420  421  422  423  424  425  426  427  428  429  430  431  432  433  434  435  436  437  438  439  440
 [441]  441  442  443  444  445  446  447  448  449  450  451  452  453  454  455  456  457  458  459  460  461  462
 [463]  463  464  465  466  467  468  469  470  471  472  473  474  475  476  477  478  479  480  481  482  483  484
 [485]  485  486  487  488  489  490  491  492  493  494  495  496  497  498  499  500  501  502  503  504  505  506
 [507]  507  508  509  510  511  512  513  514  515  516  517  518  519  520  521  522  523  524  525  526  527  528
 [529]  529  530  531  532  533  534  535  536  537  538  539  540  541  542  543  544  545  546  547  548  549  550
 [551]  551  552  553  554  555  556  557  558  559  560  561  562  563  564  565  566  567  568  569  570  571  572
 [573]  573  574  575  576  577  578  579  580  581  582  583  584  585  586  587  588  589  590  591  592  593  594
 [595]  595  596  597  598  599  600  601  602  603  604  605  606  607  608  609  610  611  612  613  614  615  616
 [617]  617  618  619  620  621  622  623  624  625  626  627  628  629  630  631  632  633  634  635  636  637  638
 [639]  639  640  641  642  643  644  645  646  647  648  649  650  651  652  653  654  655  656  657  658  659  660
 [661]  661  662  663  664  665  666  667  668  669  670  671  672  673  674  675  676  677  678  679  680  681  682
 [683]  683  684  685  686  687  688  689  690  691  692  693  694  695  696  697  698  699  700  701  702  703  704
 [705]  705  706  707  708  709  710  711  712  713  714  715  716  717  718  719  720  721  722  723  724  725  726
 [727]  727  728  729  730  731  732  733  734  735  736  737  738  739  740  741  742  743  744  745  746  747  748
 [749]  749  750  751  752  753  754  755  756  757  758  759  760  761  762  763  764  765  766  767  768  769  770
 [771]  771  772  773  774  775  776  777  778  779  780  781  782  783  784  785  786  787  788  789  790  791  792
 [793]  793  794  795  796  797  798  799  800  801  802  803  804  805  806  807  808  809  810  811  812  813  814
 [815]  815  816  817  818  819  820  821  822  823  824  825  826  827  828  829  830  831  832  833  834  835  836
 [837]  837  838  839  840  841  842  843  844  845  846  847  848  849  850  851  852  853  854  855  856  857  858
 [859]  859  860  861  862  863  864  865  866  867  868  869  870  871  872  873  874  875  876  877  878  879  880
 [881]  881  882  883  884  885  886  887  888  889  890  891  892  893  894  895  896  897  898  899  900  901  902
 [903]  903  904  905  906  907  908  909  910  911  912  913  914  915  916  917  918  919  920  921  922  923  924
 [925]  925  926  927  928  929  930  931  932  933  934  935  936  937  938  939  940  941  942  943  944  945  946
 [947]  947  948  949  950  951  952  953  954  955  956  957  958  959  960  961  962  963  964  965  966  967  968
 [969]  969  970  971  972  973  974  975  976  977  978  979  980  981  982  983  984  985  986  987  988  989  990
 [991]  991  992  993  994  995  996  997  998  999 1000
> NewA <- c(A)*A
> NewA
      [,1] [,2] [,3] [,4] [,5] [,6] [,7] [,8] [,9] [,10]
 [1,]    1  121  441  961 1681 2601 3721 5041 6561  8281
 [2,]    4  144  484 1024 1764 2704 3844 5184 6724  8464
 [3,]    9  169  529 1089 1849 2809 3969 5329 6889  8649
 [4,]   16  196  576 1156 1936 2916 4096 5476 7056  8836
 [5,]   25  225  625 1225 2025 3025 4225 5625 7225  9025
 [6,]   36  256  676 1296 2116 3136 4356 5776 7396  9216
 [7,]   49  289  729 1369 2209 3249 4489 5929 7569  9409
 [8,]   64  324  784 1444 2304 3364 4624 6084 7744  9604
 [9,]   81  361  841 1521 2401 3481 4761 6241 7921  9801
[10,]  100  400  900 1600 2500 3600 4900 6400 8100 10000
> NewB <- c(B)*B
> NewB
      [,1] [,2] [,3] [,4] [,5] [,6] [,7] [,8] [,9] [,10] [,11] [,12] [,13] [,14] [,15] [,16] [,17] [,18] [,19] [,20]
 [1,]    1  121  441  961 1681 2601 3721 5041 6561  8281 10201 12321 14641 17161 19881 22801 25921 29241 32761 36481
 [2,]    4  144  484 1024 1764 2704 3844 5184 6724  8464 10404 12544 14884 17424 20164 23104 26244 29584 33124 36864
 [3,]    9  169  529 1089 1849 2809 3969 5329 6889  8649 10609 12769 15129 17689 20449 23409 26569 29929 33489 37249
 [4,]   16  196  576 1156 1936 2916 4096 5476 7056  8836 10816 12996 15376 17956 20736 23716 26896 30276 33856 37636
 [5,]   25  225  625 1225 2025 3025 4225 5625 7225  9025 11025 13225 15625 18225 21025 24025 27225 30625 34225 38025
 [6,]   36  256  676 1296 2116 3136 4356 5776 7396  9216 11236 13456 15876 18496 21316 24336 27556 30976 34596 38416
 [7,]   49  289  729 1369 2209 3249 4489 5929 7569  9409 11449 13689 16129 18769 21609 24649 27889 31329 34969 38809
 [8,]   64  324  784 1444 2304 3364 4624 6084 7744  9604 11664 13924 16384 19044 21904 24964 28224 31684 35344 39204
 [9,]   81  361  841 1521 2401 3481 4761 6241 7921  9801 11881 14161 16641 19321 22201 25281 28561 32041 35721 39601
[10,]  100  400  900 1600 2500 3600 4900 6400 8100 10000 12100 14400 16900 19600 22500 25600 28900 32400 36100 40000
      [,21] [,22] [,23] [,24] [,25] [,26] [,27] [,28] [,29] [,30] [,31]  [,32]  [,33]  [,34]  [,35]  [,36]  [,37]
 [1,] 40401 44521 48841 53361 58081 63001 68121 73441 78961 84681 90601  96721 103041 109561 116281 123201 130321
 [2,] 40804 44944 49284 53824 58564 63504 68644 73984 79524 85264 91204  97344 103684 110224 116964 123904 131044
 [3,] 41209 45369 49729 54289 59049 64009 69169 74529 80089 85849 91809  97969 104329 110889 117649 124609 131769
 [4,] 41616 45796 50176 54756 59536 64516 69696 75076 80656 86436 92416  98596 104976 111556 118336 125316 132496
 [5,] 42025 46225 50625 55225 60025 65025 70225 75625 81225 87025 93025  99225 105625 112225 119025 126025 133225
 [6,] 42436 46656 51076 55696 60516 65536 70756 76176 81796 87616 93636  99856 106276 112896 119716 126736 133956
 [7,] 42849 47089 51529 56169 61009 66049 71289 76729 82369 88209 94249 100489 106929 113569 120409 127449 134689
 [8,] 43264 47524 51984 56644 61504 66564 71824 77284 82944 88804 94864 101124 107584 114244 121104 128164 135424
 [9,] 43681 47961 52441 57121 62001 67081 72361 77841 83521 89401 95481 101761 108241 114921 121801 128881 136161
[10,] 44100 48400 52900 57600 62500 67600 72900 78400 84100 90000 96100 102400 108900 115600 122500 129600 136900
       [,38]  [,39]  [,40]  [,41]  [,42]  [,43]  [,44]  [,45]  [,46]  [,47]  [,48]  [,49]  [,50]  [,51]  [,52]  [,53]
 [1,] 137641 145161 152881 160801 168921 177241 185761 194481 203401 212521 221841 231361 241081 251001 261121 271441
 [2,] 138384 145924 153664 161604 169744 178084 186624 195364 204304 213444 222784 232324 242064 252004 262144 272484
 [3,] 139129 146689 154449 162409 170569 178929 187489 196249 205209 214369 223729 233289 243049 253009 263169 273529
 [4,] 139876 147456 155236 163216 171396 179776 188356 197136 206116 215296 224676 234256 244036 254016 264196 274576
 [5,] 140625 148225 156025 164025 172225 180625 189225 198025 207025 216225 225625 235225 245025 255025 265225 275625
 [6,] 141376 148996 156816 164836 173056 181476 190096 198916 207936 217156 226576 236196 246016 256036 266256 276676
 [7,] 142129 149769 157609 165649 173889 182329 190969 199809 208849 218089 227529 237169 247009 257049 267289 277729
 [8,] 142884 150544 158404 166464 174724 183184 191844 200704 209764 219024 228484 238144 248004 258064 268324 278784
 [9,] 143641 151321 159201 167281 175561 184041 192721 201601 210681 219961 229441 239121 249001 259081 269361 279841
[10,] 144400 152100 160000 168100 176400 184900 193600 202500 211600 220900 230400 240100 250000 260100 270400 280900
       [,54]  [,55]  [,56]  [,57]  [,58]  [,59]  [,60]  [,61]  [,62]  [,63]  [,64]  [,65]  [,66]  [,67]  [,68]  [,69]
 [1,] 281961 292681 303601 314721 326041 337561 349281 361201 373321 385641 398161 410881 423801 436921 450241 463761
 [2,] 283024 293764 304704 315844 327184 338724 350464 362404 374544 386884 399424 412164 425104 438244 451584 465124
 [3,] 284089 294849 305809 316969 328329 339889 351649 363609 375769 388129 400689 413449 426409 439569 452929 466489
 [4,] 285156 295936 306916 318096 329476 341056 352836 364816 376996 389376 401956 414736 427716 440896 454276 467856
 [5,] 286225 297025 308025 319225 330625 342225 354025 366025 378225 390625 403225 416025 429025 442225 455625 469225
 [6,] 287296 298116 309136 320356 331776 343396 355216 367236 379456 391876 404496 417316 430336 443556 456976 470596
 [7,] 288369 299209 310249 321489 332929 344569 356409 368449 380689 393129 405769 418609 431649 444889 458329 471969
 [8,] 289444 300304 311364 322624 334084 345744 357604 369664 381924 394384 407044 419904 432964 446224 459684 473344
 [9,] 290521 301401 312481 323761 335241 346921 358801 370881 383161 395641 408321 421201 434281 447561 461041 474721
[10,] 291600 302500 313600 324900 336400 348100 360000 372100 384400 396900 409600 422500 435600 448900 462400 476100
       [,70]  [,71]  [,72]  [,73]  [,74]  [,75]  [,76]  [,77]  [,78]  [,79]  [,80]  [,81]  [,82]  [,83]  [,84]  [,85]
 [1,] 477481 491401 505521 519841 534361 549081 564001 579121 594441 609961 625681 641601 657721 674041 690561 707281
 [2,] 478864 492804 506944 521284 535824 550564 565504 580644 595984 611524 627264 643204 659344 675684 692224 708964
 [3,] 480249 494209 508369 522729 537289 552049 567009 582169 597529 613089 628849 644809 660969 677329 693889 710649
 [4,] 481636 495616 509796 524176 538756 553536 568516 583696 599076 614656 630436 646416 662596 678976 695556 712336
 [5,] 483025 497025 511225 525625 540225 555025 570025 585225 600625 616225 632025 648025 664225 680625 697225 714025
 [6,] 484416 498436 512656 527076 541696 556516 571536 586756 602176 617796 633616 649636 665856 682276 698896 715716
 [7,] 485809 499849 514089 528529 543169 558009 573049 588289 603729 619369 635209 651249 667489 683929 700569 717409
 [8,] 487204 501264 515524 529984 544644 559504 574564 589824 605284 620944 636804 652864 669124 685584 702244 719104
 [9,] 488601 502681 516961 531441 546121 561001 576081 591361 606841 622521 638401 654481 670761 687241 703921 720801
[10,] 490000 504100 518400 532900 547600 562500 577600 592900 608400 624100 640000 656100 672400 688900 705600 722500
       [,86]  [,87]  [,88]  [,89]  [,90]  [,91]  [,92]  [,93]  [,94]  [,95]  [,96]  [,97]  [,98]  [,99]  [,100]
 [1,] 724201 741321 758641 776161 793881 811801 829921 848241 866761 885481 904401 923521 942841 962361  982081
 [2,] 725904 743044 760384 777924 795664 813604 831744 850084 868624 887364 906304 925444 944784 964324  984064
 [3,] 727609 744769 762129 779689 797449 815409 833569 851929 870489 889249 908209 927369 946729 966289  986049
 [4,] 729316 746496 763876 781456 799236 817216 835396 853776 872356 891136 910116 929296 948676 968256  988036
 [5,] 731025 748225 765625 783225 801025 819025 837225 855625 874225 893025 912025 931225 950625 970225  990025
 [6,] 732736 749956 767376 784996 802816 820836 839056 857476 876096 894916 913936 933156 952576 972196  992016
 [7,] 734449 751689 769129 786769 804609 822649 840889 859329 877969 896809 915849 935089 954529 974169  994009
 [8,] 736164 753424 770884 788544 806404 824464 842724 861184 879844 898704 917764 937024 956484 976144  996004
 [9,] 737881 755161 772641 790321 808201 826281 844561 863041 881721 900601 919681 938961 958441 978121  998001
[10,] 739600 756900 774400 792100 810000 828100 846400 864900 883600 902500 921600 940900 960400 980100 1000000
> t(NewA)
      [,1] [,2] [,3] [,4] [,5] [,6] [,7] [,8] [,9] [,10]
 [1,]    1    4    9   16   25   36   49   64   81   100
 [2,]  121  144  169  196  225  256  289  324  361   400
 [3,]  441  484  529  576  625  676  729  784  841   900
 [4,]  961 1024 1089 1156 1225 1296 1369 1444 1521  1600
 [5,] 1681 1764 1849 1936 2025 2116 2209 2304 2401  2500
 [6,] 2601 2704 2809 2916 3025 3136 3249 3364 3481  3600
 [7,] 3721 3844 3969 4096 4225 4356 4489 4624 4761  4900
 [8,] 5041 5184 5329 5476 5625 5776 5929 6084 6241  6400
 [9,] 6561 6724 6889 7056 7225 7396 7569 7744 7921  8100
[10,] 8281 8464 8649 8836 9025 9216 9409 9604 9801 10000
> t(NewB)
         [,1]   [,2]   [,3]   [,4]   [,5]   [,6]   [,7]   [,8]   [,9]   [,10]
  [1,]      1      4      9     16     25     36     49     64     81     100
  [2,]    121    144    169    196    225    256    289    324    361     400
  [3,]    441    484    529    576    625    676    729    784    841     900
  [4,]    961   1024   1089   1156   1225   1296   1369   1444   1521    1600
  [5,]   1681   1764   1849   1936   2025   2116   2209   2304   2401    2500
  [6,]   2601   2704   2809   2916   3025   3136   3249   3364   3481    3600
  [7,]   3721   3844   3969   4096   4225   4356   4489   4624   4761    4900
  [8,]   5041   5184   5329   5476   5625   5776   5929   6084   6241    6400
  [9,]   6561   6724   6889   7056   7225   7396   7569   7744   7921    8100
 [10,]   8281   8464   8649   8836   9025   9216   9409   9604   9801   10000
 [11,]  10201  10404  10609  10816  11025  11236  11449  11664  11881   12100
 [12,]  12321  12544  12769  12996  13225  13456  13689  13924  14161   14400
 [13,]  14641  14884  15129  15376  15625  15876  16129  16384  16641   16900
 [14,]  17161  17424  17689  17956  18225  18496  18769  19044  19321   19600
 [15,]  19881  20164  20449  20736  21025  21316  21609  21904  22201   22500
 [16,]  22801  23104  23409  23716  24025  24336  24649  24964  25281   25600
 [17,]  25921  26244  26569  26896  27225  27556  27889  28224  28561   28900
 [18,]  29241  29584  29929  30276  30625  30976  31329  31684  32041   32400
 [19,]  32761  33124  33489  33856  34225  34596  34969  35344  35721   36100
 [20,]  36481  36864  37249  37636  38025  38416  38809  39204  39601   40000
 [21,]  40401  40804  41209  41616  42025  42436  42849  43264  43681   44100
 [22,]  44521  44944  45369  45796  46225  46656  47089  47524  47961   48400
 [23,]  48841  49284  49729  50176  50625  51076  51529  51984  52441   52900
 [24,]  53361  53824  54289  54756  55225  55696  56169  56644  57121   57600
 [25,]  58081  58564  59049  59536  60025  60516  61009  61504  62001   62500
 [26,]  63001  63504  64009  64516  65025  65536  66049  66564  67081   67600
 [27,]  68121  68644  69169  69696  70225  70756  71289  71824  72361   72900
 [28,]  73441  73984  74529  75076  75625  76176  76729  77284  77841   78400
 [29,]  78961  79524  80089  80656  81225  81796  82369  82944  83521   84100
 [30,]  84681  85264  85849  86436  87025  87616  88209  88804  89401   90000
 [31,]  90601  91204  91809  92416  93025  93636  94249  94864  95481   96100
 [32,]  96721  97344  97969  98596  99225  99856 100489 101124 101761  102400
 [33,] 103041 103684 104329 104976 105625 106276 106929 107584 108241  108900
 [34,] 109561 110224 110889 111556 112225 112896 113569 114244 114921  115600
 [35,] 116281 116964 117649 118336 119025 119716 120409 121104 121801  122500
 [36,] 123201 123904 124609 125316 126025 126736 127449 128164 128881  129600
 [37,] 130321 131044 131769 132496 133225 133956 134689 135424 136161  136900
 [38,] 137641 138384 139129 139876 140625 141376 142129 142884 143641  144400
 [39,] 145161 145924 146689 147456 148225 148996 149769 150544 151321  152100
 [40,] 152881 153664 154449 155236 156025 156816 157609 158404 159201  160000
 [41,] 160801 161604 162409 163216 164025 164836 165649 166464 167281  168100
 [42,] 168921 169744 170569 171396 172225 173056 173889 174724 175561  176400
 [43,] 177241 178084 178929 179776 180625 181476 182329 183184 184041  184900
 [44,] 185761 186624 187489 188356 189225 190096 190969 191844 192721  193600
 [45,] 194481 195364 196249 197136 198025 198916 199809 200704 201601  202500
 [46,] 203401 204304 205209 206116 207025 207936 208849 209764 210681  211600
 [47,] 212521 213444 214369 215296 216225 217156 218089 219024 219961  220900
 [48,] 221841 222784 223729 224676 225625 226576 227529 228484 229441  230400
 [49,] 231361 232324 233289 234256 235225 236196 237169 238144 239121  240100
 [50,] 241081 242064 243049 244036 245025 246016 247009 248004 249001  250000
 [51,] 251001 252004 253009 254016 255025 256036 257049 258064 259081  260100
 [52,] 261121 262144 263169 264196 265225 266256 267289 268324 269361  270400
 [53,] 271441 272484 273529 274576 275625 276676 277729 278784 279841  280900
 [54,] 281961 283024 284089 285156 286225 287296 288369 289444 290521  291600
 [55,] 292681 293764 294849 295936 297025 298116 299209 300304 301401  302500
 [56,] 303601 304704 305809 306916 308025 309136 310249 311364 312481  313600
 [57,] 314721 315844 316969 318096 319225 320356 321489 322624 323761  324900
 [58,] 326041 327184 328329 329476 330625 331776 332929 334084 335241  336400
 [59,] 337561 338724 339889 341056 342225 343396 344569 345744 346921  348100
 [60,] 349281 350464 351649 352836 354025 355216 356409 357604 358801  360000
 [61,] 361201 362404 363609 364816 366025 367236 368449 369664 370881  372100
 [62,] 373321 374544 375769 376996 378225 379456 380689 381924 383161  384400
 [63,] 385641 386884 388129 389376 390625 391876 393129 394384 395641  396900
 [64,] 398161 399424 400689 401956 403225 404496 405769 407044 408321  409600
 [65,] 410881 412164 413449 414736 416025 417316 418609 419904 421201  422500
 [66,] 423801 425104 426409 427716 429025 430336 431649 432964 434281  435600
 [67,] 436921 438244 439569 440896 442225 443556 444889 446224 447561  448900
 [68,] 450241 451584 452929 454276 455625 456976 458329 459684 461041  462400
 [69,] 463761 465124 466489 467856 469225 470596 471969 473344 474721  476100
 [70,] 477481 478864 480249 481636 483025 484416 485809 487204 488601  490000
 [71,] 491401 492804 494209 495616 497025 498436 499849 501264 502681  504100
 [72,] 505521 506944 508369 509796 511225 512656 514089 515524 516961  518400
 [73,] 519841 521284 522729 524176 525625 527076 528529 529984 531441  532900
 [74,] 534361 535824 537289 538756 540225 541696 543169 544644 546121  547600
 [75,] 549081 550564 552049 553536 555025 556516 558009 559504 561001  562500
 [76,] 564001 565504 567009 568516 570025 571536 573049 574564 576081  577600
 [77,] 579121 580644 582169 583696 585225 586756 588289 589824 591361  592900
 [78,] 594441 595984 597529 599076 600625 602176 603729 605284 606841  608400
 [79,] 609961 611524 613089 614656 616225 617796 619369 620944 622521  624100
 [80,] 625681 627264 628849 630436 632025 633616 635209 636804 638401  640000
 [81,] 641601 643204 644809 646416 648025 649636 651249 652864 654481  656100
 [82,] 657721 659344 660969 662596 664225 665856 667489 669124 670761  672400
 [83,] 674041 675684 677329 678976 680625 682276 683929 685584 687241  688900
 [84,] 690561 692224 693889 695556 697225 698896 700569 702244 703921  705600
 [85,] 707281 708964 710649 712336 714025 715716 717409 719104 720801  722500
 [86,] 724201 725904 727609 729316 731025 732736 734449 736164 737881  739600
 [87,] 741321 743044 744769 746496 748225 749956 751689 753424 755161  756900
 [88,] 758641 760384 762129 763876 765625 767376 769129 770884 772641  774400
 [89,] 776161 777924 779689 781456 783225 784996 786769 788544 790321  792100
 [90,] 793881 795664 797449 799236 801025 802816 804609 806404 808201  810000
 [91,] 811801 813604 815409 817216 819025 820836 822649 824464 826281  828100
 [92,] 829921 831744 833569 835396 837225 839056 840889 842724 844561  846400
 [93,] 848241 850084 851929 853776 855625 857476 859329 861184 863041  864900
 [94,] 866761 868624 870489 872356 874225 876096 877969 879844 881721  883600
 [95,] 885481 887364 889249 891136 893025 894916 896809 898704 900601  902500
 [96,] 904401 906304 908209 910116 912025 913936 915849 917764 919681  921600
 [97,] 923521 925444 927369 929296 931225 933156 935089 937024 938961  940900
 [98,] 942841 944784 946729 948676 950625 952576 954529 956484 958441  960400
 [99,] 962361 964324 966289 968256 970225 972196 974169 976144 978121  980100
[100,] 982081 984064 986049 988036 990025 992016 994009 996004 998001 1000000
> det(t(NewA))
[1] -3.001325e-81
